004534
002246
004803
004206
001600
001813
007005
004568
004492
004751
006818
001115
009234
006413
008039
004925
006692
009513
004290
000510
007596
008908
007353
009404
002100
004399
004937
000455
000616
008149
006017
004981
005632
003333
004316
006354
003822
009276
008324
001262
008094
004800
009849
002731
002885
002463
003474
004130
001602
003737
002674
005633
002707
000639
004726
007371
007726
009292
008627
004027
007176
003553
001320
004906
009708
000261
008367
001891
000586
003571
003447
002173
005295
000389
001702
009298
009277
008027
003744
001764
001844
007906
006435
000040
003742
009396
000944
002222
000068
009538
005503
007094
006441
003423
000059
009353
007164
006361
001839
006791
008205
002048
006895
006973
002041
008212
008947
001803
006861
008435
001096
001321
007966
006792
007508
000735
007917
001318
008779
007599
005795
002115
007797
003033
005261
007175
007010
007179
005553
000084
008762
007882
001146
004350
000230
000783
003938
000811
006393
002614
005147
009415
007367
003012
004313
001578
006121
000013
005087
001329
007717
009744
009539
002543
004529
003434
004382
003022
003212
001190
006057
003533
004924
002900
005691
000216
008797
007722
008015
006064
002610
004545
001328
008221
003488
005172
004115
006961
001994
009475
001779
002111
007034
004018
008527
006114
002162
008446
004975
003334
003745
005002
004845
002808
008333
008511
005580
000542
009426
008800
